-5.25 0.7920974165534669 -5.158511436905701
-5.0 0.7911716680345975 -4.955858340172988
-4.75 0.7901784738832036 -4.753347750945217
-4.5 0.7891087695650387 -4.550989463042674
-4.25 0.7879520250458818 -4.348796106444998
-4.0 0.786696113719189 -4.146784454876756
-3.75 0.7853272323571596 -3.9449771213393485
-3.5 0.7838299162369613 -3.7434047068293648
-3.25 0.7821872143656774 -3.5421084466884514
-3.0 0.7803811145476367 -3.3411433436429103
-2.75 0.778393332372239 -3.140581664023657
-2.5 0.7762065913976579 -2.940516478494145
-2.25 0.7738065043795217 -2.741064634853924
-2.0 0.7711840888021666 -2.542368177604333
-1.75 0.7683387840468161 -2.344592872081928
-1.5 0.7652815720160122 -2.1479223580240183
-1.25 0.7620374841370421 -1.9525468551713026
-1.0 0.7586465413896399 -1.75864654138964
-0.75 0.755162229843322 -1.5663716723824916
-0.5 0.7516471307793979 -1.375823565389699
-0.25 0.7481662439277441 -1.187041560981936
0.0 0.7447794824807785 -1.0
0.25 0.7415352452144943 -0.8146161886963764
0.5 0.7384665888447248 -0.6307667055776376
0.75 0.7355905372893079 -0.4483070970330191
1.0 0.7329100268837816 -0.2670899731162184
1.25 0.7304173802997882 -0.08697827462526475
1.5 0.7280981547546774 0.09214723213201603
1.75 0.7259345383034392 0.27038544203101855
2.0 0.7239078984555611 0.4478157969111223
2.25 0.7220004314069313 0.6245009706655953
2.5 0.7201960553207694 0.8004901383019234
2.75 0.7184807586645758 0.9758220863275835
3.0 0.7168426043776541 1.1505278131329622
3.25 0.715271546910583 1.3246325274593946
3.5 0.7137591698423733 1.4981570944483065
3.75 0.7122984099940581 1.6711190374777178
4.0 0.7108833035028295 1.8435332140113179
4.25 0.7095087693722051 2.0154122698318715
4.5 0.7081704341396404 2.186766953628382
4.75 0.7068644949751519 2.3576063511319716
5.0 0.7055876156948999 2.5279380784744996
5.25 0.704336849380883 2.697768459249636
