0.8103273719209678 0.9042214805681486
0.8097377542606274 0.9070934182072365
0.8091032890004382 0.9100246625407022
0.8084100163318357 0.9130535370346959
0.8076379702112986 0.9162325740315618
0.8067594960947826 0.9196290109839138
0.8057373493017943 0.9233239842730847
0.8045227263729089 0.9274095859764975
0.8030535653295887 0.9319826476541442
0.8012537302975309 0.9371339057054473
0.7990340583394664 0.9429313326454789
0.7962966017796234 0.9493972808497713
0.7929435255439916 0.95648112651635
0.7888916391606298 0.9640325035508259
0.7840920338212509 0.9717843072921419
0.7785516332687568 0.9793573135853566
0.7723503655776218 0.9862961758120181
0.7656459519998817 0.9921372083825803
0.7586602228011112 0.9964934539891435
0.7516471307793982 0.9991297782870865
0.7448507445711192 1.0
0.7384665888447248 0.9992328359075576
0.7326181833267147 0.9970757972409949
0.7273534649228384 0.9938221957251478
0.7226576448155086 0.989747617931727
0.7184744104964689 0.9850712877458508
0.7147274333125666 0.9799439178368339
0.7113371295582125 0.9744545346958533
0.7082310572691535 0.9686463176271847
0.7053486827816022 0.9625335655930098
0.7026422313239764 0.9561154400080176
0.7000753496620775 0.9493851252431298
0.6976208822636223 0.9423348336579047
0.6952585626306886 0.9349578010903432
0.6929730200366464 0.9272484756799559
0.6907522391260228 0.9192018592448674
0.6885864647083073 0.9108126448219114
0.6864674792341283 0.9020745169131739
0.6843881626002002 0.8929797780725188
0.6823422496922351 0.8835193349061452
0.6803242162353289 0.8736830027021449
